ncustomers = 50;
ndepots = 5;
vehicle_capacity = 150;
capacities = [300,300,300,300,300];
demands = [16,12,20,16,12,11,16,12,13,19,12,16,19,20,11,13,19,15,19,14,17,13,19,16,16,16,11,17,14,13,14,17,14,20,13,15,14,19,20,19,16,18,15,13,13,11,19,17,20,19];
opening_cost = [7541,7062,5973,5985,5716];
route_cost = 1000;
% the distance matrix is indexed as follows:
% * the first ncustomers elements are the customers
% * the elements between ncustomers + 1 and ncustomers + ndepots are depots
distances = array2d(1..55, 1..55, [0,1216,412,1100,1200,921,200,1081,1627,1345,1264,806,500,1334,1303,360,1303,583,894,1300,670,1100,316,1300,670,5403,5521,4604,5020,5197,5531,4981,4957,5412,5162,4904,5303,5560,5500,5011,5403,5077,5366,4720,5660,5044,5445,4687,5608,4500,3014,2459,4701,824,4827,1216,0,806,223,200,500,1019,1252,1300,1118,600,1204,806,509,1392,900,316,1140,721,223,781,223,1208,223,608,4386,4459,3538,4080,4080,4534,3962,3982,4272,4060,3894,4360,4525,4455,3883,4386,3982,4219,3676,4560,4036,4500,3612,4601,3465,1802,2002,3501,565,3613,412,806,0,707,806,583,223,1019,1442,1166,943,800,200,984,1236,141,921,608,640,905,447,707,500,905,282,5032,5140,4220,4669,4802,5166,4609,4596,5011,4770,4534,4951,5185,5122,4614,5032,4687,4964,4341,5269,4675,5093,4301,5240,4123,2607,2213,4300,500,4414,1100,223,707,0,100,282,900,1029,1104,905,412,989,761,360,1170,824,223,943,500,200,583,0,1044,200,583,4601,4669,3748,4301,4280,4750,4177,4201,4465,4263,4110,4580,4738,4666,4080,4601,4186,4410,3889,4763,4252,4720,3820,4816,3679,1923,2200,3601,360,3764,1200,200,806,100,0,360,1000,1081,1100,921,400,1063,854,316,1208,921,141,1029,565,100,670,100,1140,100,670,4534,4596,3676,4243,4201,4686,4110,4140,4382,4186,4045,4522,4669,4596,4000,4534,4110,4326,3820,4686,4186,4661,3748,4750,3612,1824,2202,3501,447,3668,921,500,583,282,360,0,728,761,948,707,360,707,707,412,921,721,412,670,223,447,316,282,806,447,583,4883,4951,4031,4580,4560,5032,4459,4482,4743,4545,4393,4860,5020,4949,4360,4883,4468,4687,4172,5044,4534,5000,4103,5099,3962,2158,2408,3811,100,4016,200,1019,223,900,1000,728,0,984,1486,1204,1077,728,360,1140,1208,223,1104,509,721,1100,500,900,316,1100,500,5249,5360,4440,4879,5024,5381,4827,4810,5235,4992,4750,5162,5403,5341,4837,5249,4909,5188,4560,5491,4891,5303,4522,5456,4341,2816,2376,4501,632,4632,1081,1252,1019,1029,1081,761,984,0,632,400,781,282,1216,921,223,1140,1063,500,538,1140,600,1029,781,1140,1200,5608,5658,4742,5325,5240,5762,5185,5220,5403,5234,5122,5603,5738,5663,5032,5608,5162,5341,4891,5731,5263,5742,4810,5825,4686,2683,3140,4220,728,4561,1627,1300,1442,1104,1100,948,1486,632,0,282,700,894,1612,806,500,1581,1004,1081,806,1104,1000,1104,1360,1104,1523,5408,5420,4522,5188,4957,5575,4992,5060,5091,4967,4939,5458,5521,5440,4742,5408,4904,5020,4687,5456,5077,5594,4580,5630,4494,2280,3301,3700,984,4134,1345,1118,1166,905,921,707,1204,400,282,0,538,632,1341,670,360,1303,854,806,538,948,721,905,1081,948,1264,5360,5390,4482,5110,4949,5521,4940,4992,5099,4951,4882,5385,5481,5403,4738,5360,4883,5032,4640,5445,5021,5522,4545,5580,4440,2332,3101,3832,728,4205,1264,600,943,412,400,360,1077,781,700,538,0,854,1063,141,860,1081,316,905,400,412,608,412,1104,412,921,4841,4883,3969,4579,4459,5000,4420,4465,4622,4455,4360,4854,4967,4891,4252,4841,4384,4560,4123,4951,4500,4992,4036,5060,3920,1931,2601,3535,447,3807,806,1204,800,989,1063,707,728,282,894,632,854,0,1000,984,500,905,1081,223,500,1140,447,989,500,1140,1019,5590,5658,4738,5280,5263,5738,5166,5185,5440,5249,5099,5560,5728,5656,5060,5590,5173,5382,4879,5748,5240,5700,4810,5805,4669,2785,2983,4373,640,4661,500,806,200,761,854,707,360,1216,1612,1341,1063,1000,0,1081,1431,141,984,806,806,948,632,761,670,948,200,4904,5021,4104,4525,4701,5032,4482,4459,4919,4664,4404,4808,5060,5000,4517,4904,4579,4875,4220,5162,4545,4949,4188,5108,4000,2600,2024,4304,640,4373,1334,509,984,360,316,412,1140,921,806,670,141,984,1081,0,1000,1118,200,1019,509,300,700,360,1200,300,921,4701,4742,3828,4441,4318,4860,4280,4326,4482,4313,4220,4716,4827,4750,4110,4701,4242,4420,3982,4810,4360,4854,3894,4920,3780,1802,2507,3423,509,3676,1303,1392,1236,1170,1208,921,1208,223,500,360,860,500,1431,1000,0,1360,1166,721,707,1252,806,1170,1000,1252,1403,5700,5738,4827,5437,5303,5860,5280,5325,5456,5303,5220,5714,5825,5748,5093,5700,5234,5390,4981,5798,5360,5852,4891,5920,4780,2692,3324,4176,905,4565,360,900,141,824,921,721,223,1140,1581,1303,1081,905,141,1118,1360,0,1044,700,781,1019,583,824,538,1019,316,5044,5161,4243,4666,4837,5173,4622,4601,5053,4802,4545,4949,5200,5140,4652,5044,4716,5008,4360,5300,4686,5091,4326,5249,4140,2701,2154,4401,640,4491,1303,316,921,223,141,412,1104,1063,1004,854,316,1081,984,200,1166,1044,0,1077,583,100,728,223,1216,100,806,4545,4596,3679,4272,4186,4701,4123,4161,4360,4177,4060,4548,4675,4601,3982,4545,4103,4301,3828,4675,4201,4687,3748,4763,3623,1746,2308,3405,509,3605,583,1140,608,943,1029,670,509,500,1081,806,905,223,806,1019,721,700,1077,0,509,1118,360,943,282,1118,854,5515,5597,4675,5185,5220,5658,5091,5099,5408,5200,5020,5467,5658,5590,5021,5515,5122,5353,4810,5700,5162,5608,4750,5728,4596,2816,2816,4440,583,4681,894,721,640,500,565,223,721,538,806,538,400,500,806,509,707,781,583,509,0,640,223,500,707,640,728,5099,5162,4242,4801,4763,5249,4675,4701,4940,4750,4609,5080,5234,5162,4560,5099,4675,4882,4386,5249,4750,5220,4313,5315,4177,2308,2617,3931,200,4178,1300,223,905,200,100,447,1100,1140,1104,948,412,1140,948,300,1252,1019,100,1118,640,0,761,200,1236,0,761,4468,4525,3606,4188,4123,4622,4045,4080,4301,4110,3982,4465,4601,4527,3920,4468,4036,4243,3753,4609,4123,4604,3676,4686,3546,1726,2209,3401,538,3573,670,781,447,583,670,316,500,600,1000,721,608,447,632,700,806,583,728,360,223,761,0,583,500,761,600,5162,5240,4318,4841,4860,5307,4738,4750,5047,4841,4669,5122,5303,5234,4661,5162,4763,4992,4455,5341,4810,5263,4393,5375,4242,2473,2549,4119,223,4332,1100,223,707,0,100,282,900,1029,1104,905,412,989,761,360,1170,824,223,943,500,200,583,0,1044,200,583,4601,4669,3748,4301,4280,4750,4177,4201,4465,4263,4110,4580,4738,4666,4080,4601,4186,4410,3889,4763,4252,4720,3820,4816,3679,1923,2200,3601,360,3764,316,1208,500,1044,1140,806,316,781,1360,1081,1104,500,670,1200,1000,538,1216,282,707,1236,500,1044,0,1236,781,5522,5622,4701,5166,5269,5658,5099,5091,5470,5243,5024,5448,5672,5608,5077,5522,5161,5420,4827,5742,5166,5590,4780,5731,4609,2961,2692,4617,707,4808,1300,223,905,200,100,447,1100,1140,1104,948,412,1140,948,300,1252,1019,100,1118,640,0,761,200,1236,0,761,4468,4525,3606,4188,4123,4622,4045,4080,4301,4110,3982,4465,4601,4527,3920,4468,4036,4243,3753,4609,4123,4604,3676,4686,3546,1726,2209,3401,538,3573,670,608,282,583,670,583,500,1200,1523,1264,921,1019,200,921,1403,316,806,854,728,761,600,583,781,761,0,4750,4860,3940,4386,4527,4883,4327,4313,4741,4494,4252,4669,4904,4841,4341,4750,4410,4695,4060,4992,4393,4810,4022,4957,3841,2400,1964,4104,538,4177,5403,4386,5032,4601,4534,4883,5249,5608,5408,5360,4841,5590,4904,4701,5700,5044,4545,5515,5099,4468,5162,4601,5522,4468,4750,0,360,894,608,854,200,424,509,1081,728,500,500,200,223,1019,0,707,1166,721,721,360,500,854,223,921,3324,3324,3337,4951,2353,5521,4459,5140,4669,4596,4951,5360,5658,5420,5390,4883,5658,5021,4742,5738,5161,4596,5597,5162,4525,5240,4669,5622,4525,4860,360,0,921,948,600,500,608,806,761,509,707,860,223,141,806,360,538,854,806,360,600,848,848,447,1029,3264,3544,3106,5024,2109,4604,3538,4220,3748,3676,4031,4440,4742,4522,4482,3969,4738,4104,3828,4827,4243,3679,4675,4242,3606,4318,3748,4701,3606,3940,894,921,0,921,700,1077,509,707,1004,608,500,1100,1000,921,632,894,509,1019,200,1077,608,1204,100,1118,223,2435,2729,2657,4103,1749,5020,4080,4669,4301,4243,4580,4879,5325,5188,5110,4579,5280,4525,4441,5437,4666,4272,5185,4801,4188,4841,4301,5166,4188,4386,608,948,921,0,1272,608,500,223,1562,1131,447,282,806,824,1360,608,1063,1627,728,1300,424,424,948,707,800,3255,2817,3573,4640,2640,5197,4080,4802,4280,4201,4560,5024,5240,4957,4949,4459,5263,4701,4318,5303,4837,4186,5220,4763,4123,4860,4280,5269,4123,4527,854,600,700,1272,0,1044,781,1063,316,141,860,1303,806,707,223,854,223,360,728,500,848,1341,600,1019,905,2745,3423,2507,4640,1513,5531,4534,5166,4750,4686,5032,5381,5762,5575,5521,5000,5738,5032,4860,5860,5173,4701,5658,5249,4622,5307,4750,5658,4622,4883,200,500,1077,608,1044,0,583,583,1252,921,640,412,282,360,1216,200,905,1341,894,848,500,360,1044,100,1081,3511,3401,3535,5099,2549,4981,3962,4609,4177,4110,4459,4827,5185,4992,4940,4420,5166,4482,4280,5280,4622,4123,5091,4675,4045,4738,4177,5099,4045,4327,424,608,509,500,781,583,0,282,1081,640,100,608,583,538,860,424,565,1140,316,905,100,700,500,640,500,2941,2941,3104,4527,2154,4957,3982,4596,4201,4140,4482,4810,5220,5060,4992,4465,5185,4459,4326,5325,4601,4161,5099,4701,4080,4750,4201,5091,4080,4313,509,806,707,223,1063,583,282,0,1360,921,223,412,707,700,1140,509,848,1421,509,1140,223,538,728,670,608,3080,2823,3352,4545,2416,5412,4272,5011,4465,4382,4743,5235,5403,5091,5099,4622,5440,4919,4482,5456,5053,4360,5408,4940,4301,5047,4465,5470,4301,4741,1081,761,1004,1562,316,1252,1081,1360,0,447,1166,1562,984,894,412,1081,538,100,1044,500,1140,1581,905,1208,1216,2842,3712,2402,4825,1403,5162,4060,4770,4263,4186,4545,4992,5234,4967,4951,4455,5249,4664,4313,5303,4802,4177,5200,4750,4110,4841,4263,5243,4110,4494,728,509,608,1131,141,921,640,921,447,0,721,1166,700,600,300,728,100,500,608,500,707,1208,509,905,800,2778,3337,2617,4622,1627,4904,3894,4534,4110,4045,4393,4750,5122,4939,4882,4360,5099,4404,4220,5220,4545,4060,5020,4609,3982,4669,4110,5024,3982,4252,500,707,500,447,860,640,100,223,1166,721,0,600,670,632,921,500,640,1220,300,1004,141,707,509,707,447,2912,2846,3132,4459,2193,5303,4360,4951,4580,4522,4860,5162,5603,5458,5385,4854,5560,4808,4716,5714,4949,4548,5467,5080,4465,5122,4580,5448,4465,4669,500,860,1100,282,1303,412,608,412,1562,1166,600,0,670,721,1431,500,1118,1640,900,1220,509,141,1104,509,1019,3492,3088,3710,4920,2751,5560,4525,5185,4738,4669,5020,5403,5738,5521,5481,4967,5728,5060,4827,5825,5200,4675,5658,5234,4601,5303,4738,5672,4601,4904,200,223,1000,806,806,282,583,707,984,700,670,670,0,100,1000,200,707,1077,848,565,538,640,943,223,1063,3401,3511,3313,5091,2319,5500,4455,5122,4666,4596,4949,5341,5663,5440,5403,4891,5656,5000,4750,5748,5140,4601,5590,5162,4527,5234,4666,5608,4527,4841,223,141,921,824,707,360,538,700,894,600,632,721,100,0,900,223,608,984,781,500,509,707,860,316,1000,3310,3478,3214,5020,2220,5011,3883,4614,4080,4000,4360,4837,5032,4742,4738,4252,5060,4517,4110,5093,4652,3982,5021,4560,3920,4661,4080,5077,3920,4341,1019,806,632,1360,223,1216,860,1140,412,300,921,1431,1000,900,0,1019,316,400,721,721,943,1486,538,1204,854,2523,3306,2319,4440,1334,5403,4386,5032,4601,4534,4883,5249,5608,5408,5360,4841,5590,4904,4701,5700,5044,4545,5515,5099,4468,5162,4601,5522,4468,4750,0,360,894,608,854,200,424,509,1081,728,500,500,200,223,1019,0,707,1166,721,721,360,500,854,223,921,3324,3324,3337,4951,2353,5077,3982,4687,4186,4110,4468,4909,5162,4904,4883,4384,5173,4579,4242,5234,4716,4103,5122,4675,4036,4763,4186,5161,4036,4410,707,538,509,1063,223,905,565,848,538,100,640,1118,707,608,316,707,0,583,509,583,640,1170,412,900,700,2729,3238,2630,4545,1649,5366,4219,4964,4410,4326,4687,5188,5341,5020,5032,4560,5382,4875,4420,5390,5008,4301,5353,4882,4243,4992,4410,5420,4243,4695,1166,854,1019,1627,360,1341,1140,1421,100,500,1220,1640,1077,984,400,1166,583,0,1077,600,1204,1664,921,1300,1236,2765,3705,2302,4770,1303,4720,3676,4341,3889,3820,4172,4560,4891,4687,4640,4123,4879,4220,3982,4981,4360,3828,4810,4386,3753,4455,3889,4827,3753,4060,721,806,200,728,728,894,316,509,1044,608,300,900,848,781,721,721,509,1077,0,1019,412,1004,223,943,223,2624,2765,2846,4242,1923,5660,4560,5269,4763,4686,5044,5491,5731,5456,5445,4951,5748,5162,4810,5798,5300,4675,5700,5249,4609,5341,4763,5742,4609,4992,721,360,1077,1300,500,848,905,1140,500,500,1004,1220,565,500,721,721,583,600,1019,0,921,1204,984,781,1236,3244,3785,2901,5122,1902,5044,4036,4675,4252,4186,4534,4891,5263,5077,5021,4500,5240,4545,4360,5360,4686,4201,5162,4750,4123,4810,4252,5166,4123,4393,360,600,608,424,848,500,100,223,1140,707,141,509,538,509,943,360,640,1204,412,921,0,600,600,565,583,3036,2973,3201,4601,2247,5445,4500,5093,4720,4661,5000,5303,5742,5594,5522,4992,5700,4949,4854,5852,5091,4687,5608,5220,4604,5263,4720,5590,4604,4810,500,848,1204,424,1341,360,700,538,1581,1208,707,141,640,707,1486,500,1170,1664,1004,1204,600,0,1200,447,1140,3613,3224,3785,5060,2816,4687,3612,4301,3820,3748,4103,4522,4810,4580,4545,4036,4810,4188,3894,4891,4326,3748,4750,4313,3676,4393,3820,4780,3676,4022,854,848,100,948,600,1044,500,728,905,509,509,1104,943,860,538,854,412,921,223,984,600,1200,0,1077,316,2469,2828,2624,4177,1700,5608,4601,5240,4816,4750,5099,5456,5825,5630,5580,5060,5805,5108,4920,5920,5249,4763,5728,5315,4686,5375,4816,5731,4686,4957,223,447,1118,707,1019,100,640,670,1208,905,707,509,223,316,1204,223,900,1300,943,781,565,447,1077,0,1140,3546,3492,3522,5166,2531,4500,3465,4123,3679,3612,3962,4341,4686,4494,4440,3920,4669,4000,3780,4780,4140,3623,4596,4177,3546,4242,3679,4609,3546,3841,921,1029,223,800,905,1081,500,608,1216,800,447,1019,1063,1000,854,921,700,1236,223,1236,583,1140,316,1140,0,2473,2549,2823,4031,1941,3014,1802,2607,1923,1824,2158,2816,2683,2280,2332,1931,2785,2600,1802,2692,2701,1746,2816,2308,1726,2473,1923,2961,1726,2400,3324,3264,2435,3255,2745,3511,2941,3080,2842,2778,2912,3492,3401,3310,2523,3324,2729,2765,2624,3244,3036,3613,2469,3546,2473,0,2687,1711,2256,1878,2459,2002,2213,2200,2202,2408,2376,3140,3301,3101,2601,2983,2024,2507,3324,2154,2308,2816,2617,2209,2549,2200,2692,2209,1964,3324,3544,2729,2817,3423,3401,2941,2823,3712,3337,2846,3088,3511,3478,3306,3324,3238,3705,2765,3785,2973,3224,2828,3492,2549,2687,0,4167,2418,3764,4701,3501,4300,3601,3501,3811,4501,4220,3700,3832,3535,4373,4304,3423,4176,4401,3405,4440,3931,3401,4119,3601,4617,3401,4104,3337,3106,2657,3573,2507,3535,3104,3352,2402,2617,3132,3710,3313,3214,2319,3337,2630,2302,2846,2901,3201,3785,2624,3522,2823,1711,4167,0,3911,1000,824,565,500,360,447,100,632,728,984,728,447,640,640,509,905,640,509,583,200,538,223,360,707,538,538,4951,5024,4103,4640,4640,5099,4527,4545,4825,4622,4459,4920,5091,5020,4440,4951,4545,4770,4242,5122,4601,5060,4177,5166,4031,2256,2418,3911,0,4110,4827,3613,4414,3764,3668,4016,4632,4561,4134,4205,3807,4661,4373,3676,4565,4491,3605,4681,4178,3573,4332,3764,4808,3573,4177,2353,2109,1749,2640,1513,2549,2154,2416,1403,1627,2193,2751,2319,2220,1334,2353,1649,1303,1923,1902,2247,2816,1700,2531,1941,1878,3764,1000,4110,0]);
