ncustomers = 50;
ndepots = 5;
vehicle_capacity = 150;
capacities = [420,420,350,350,350];
demands = [19,17,19,18,14,19,20,13,11,16,17,16,11,14,13,12,16,12,13,20,16,16,16,13,20,16,11,16,12,14,13,17,19,11,11,19,11,15,14,14,18,12,16,17,11,18,14,16,15,15];
opening_cost = [10356,9744,5029,10057,13647];
route_cost = 1000;
% the distance matrix is indexed as follows:
% * the first ncustomers elements are the customers
% * the elements between ncustomers + 1 and ncustomers + ndepots are depots
distances = array2d(1..55, 1..55, [0,1868,1972,2441,2376,2459,2701,1702,2500,1780,860,921,1941,2202,1931,2325,1252,1655,1726,1562,360,2773,1964,3041,2140,1843,2969,2831,2154,1204,2213,2213,2773,1769,2690,2247,781,1140,2523,3397,2061,3606,1392,2879,1612,1600,1902,412,1523,1627,2202,3052,3182,2051,2500,1868,0,1442,1910,3190,4308,3623,3157,2517,1649,1769,1555,3757,905,1200,583,1341,3511,223,2886,2213,4356,3700,4884,2256,900,4687,4031,3606,2024,3905,3606,4623,860,2308,3676,2400,3008,1649,5131,1019,5325,2220,4527,2751,2765,2202,2102,2247,1860,905,4601,4882,1923,1019,1972,1442,0,3257,1964,4252,4491,2376,3733,2828,2451,2319,3820,761,2529,1303,721,3465,1565,2061,2302,3535,3138,4827,3413,2247,4904,2927,4114,1208,3257,4162,4545,583,3640,4204,2000,2900,565,5315,2416,5531,3041,3765,1824,3448,921,2370,3125,707,761,5024,5122,3140,1019,2441,1910,3257,0,4622,4210,2302,4140,781,670,1655,1526,3612,2816,728,2402,2865,3569,1726,3969,2594,5197,4338,4700,761,1019,4159,5240,2863,3342,4606,2789,4504,2692,400,2886,3220,3289,3551,4589,900,4729,1503,5277,3959,2009,3807,2325,1400,3448,2816,3794,4295,500,2900,2376,3190,1964,4622,0,3546,5000,1170,4837,4022,3220,3224,3373,2720,3962,3231,1860,2961,3220,1004,2473,1886,1972,4024,4477,3748,4464,1004,4201,1280,1920,4304,3757,2416,4940,4301,1726,2507,2302,4775,3962,4997,3769,2163,806,3905,1044,2720,3900,1341,2720,4850,4684,4326,2983,2459,4308,4252,4210,3546,0,2801,2376,3807,3600,2729,2942,600,4632,4019,4785,3560,806,4143,2594,2102,2319,1627,583,3551,4060,1004,3214,1664,3114,1802,1802,316,4188,4257,1720,2262,1360,4816,1236,4242,1456,2707,2158,2865,2256,3780,2213,2816,3679,4632,1615,1200,3712,4939,2701,3623,4491,2302,5000,2801,0,4049,1565,2061,2039,2184,2334,4401,2624,4205,3832,2561,3400,4052,2531,4687,3773,3087,1562,2860,2280,5200,1140,3905,4049,1000,3001,4080,2102,1081,3275,2683,4972,2630,2906,2707,1456,4640,4197,1104,4600,2308,1392,4304,4401,1702,2334,1910,4609,1702,3157,2376,4140,1170,2376,4049,0,4177,3482,2545,2624,2220,3014,3584,3401,1900,1811,3104,316,1640,1204,848,2865,3820,3443,3298,1166,3140,1204,894,3255,2594,2601,4393,3238,921,1414,2879,3605,3667,3827,3000,1403,583,2996,1612,1920,3140,1676,3014,3712,3517,3753,3324,2500,2517,3733,781,4837,3807,1565,4177,0,905,1640,1612,3228,3405,1334,3059,3228,3269,2308,4060,2545,5122,4220,4242,360,1627,3601,5326,2300,3577,4500,2202,4079,3206,538,2302,3264,3106,4101,4011,1581,4130,1220,5161,4104,1552,4143,2262,1081,3794,3405,3157,3712,600,3535,1780,1649,2828,670,4022,3600,2061,3482,905,0,984,860,3000,2517,565,2213,2340,2927,1431,3324,1923,4527,3667,4110,608,806,3640,4596,2376,2745,3935,2325,3901,2302,921,2416,2561,2624,3200,4080,848,4237,921,4606,3330,1486,3269,1655,854,2915,2517,3354,3794,316,2668,860,1769,2451,1655,3220,2729,2039,2545,1640,984,0,223,2137,2418,1300,2334,1802,2000,1562,2420,943,3551,2683,3275,1280,1334,2952,3687,1838,1992,2952,1843,3041,2061,1860,1910,1627,1649,2941,3400,1513,3584,600,3623,2469,1029,2630,670,707,2308,2418,2831,3138,1220,2662,921,1555,2319,1526,3224,2942,2184,2624,1612,860,223,0,2353,2236,1104,2126,1702,2202,1345,2475,1077,3671,2823,3492,1252,1118,3176,3748,2051,1969,3087,2051,3255,1897,1769,2121,1702,1824,2789,3623,1303,3807,728,3757,2500,1220,2570,824,806,2236,2236,3047,3361,1131,2469,1941,3757,3820,3612,3373,600,2334,2220,3228,3000,2137,2353,0,4140,3423,4254,3111,412,3584,2376,1581,2469,1627,1140,2961,3471,1118,3214,1204,2745,1868,1345,905,3701,3667,1280,1886,943,4386,1500,3649,1720,2109,2370,2624,1676,3448,1655,2220,3301,4140,1500,1341,3114,4440,2202,905,761,2816,2720,4632,4401,3014,3405,2517,2418,2236,4140,0,2102,565,1140,3827,1100,2707,2561,4204,3710,5215,3125,1802,5166,3667,4220,1811,3863,4243,4939,447,3214,4301,2469,3275,761,5597,1923,5805,2954,4418,2500,3448,1676,2545,3008,1414,0,5185,5375,2807,316,1931,1200,2529,728,3962,4019,2624,3584,1334,565,1300,1104,3423,2102,0,1726,2163,3300,1004,3383,2158,4701,3889,4554,1118,300,4143,4640,2906,2687,4143,2865,4328,1964,1118,2952,2683,2927,2828,4588,282,4753,1431,4810,3342,2012,3106,1923,1389,2745,2102,3894,4308,761,2209,2325,583,1303,2402,3231,4785,4205,3401,3059,2213,2334,2126,4254,565,1726,0,1503,3981,806,3106,2683,4604,4031,5366,2816,1431,5220,4148,4172,2209,4210,4177,5099,824,2801,4244,2745,3453,1303,5661,1503,5860,2801,4800,2927,3342,2193,2607,2830,1897,565,5162,5420,2473,509,1252,1341,721,2865,1860,3560,3832,1900,3228,2340,1802,1702,3111,1140,2163,1503,0,2765,1360,1603,1581,3101,2570,4140,2886,1920,4186,2692,3401,707,2729,3453,3860,707,3220,3492,1341,2202,1280,4601,2126,4816,2402,3301,1431,2765,943,1655,2500,583,1140,4304,4404,2657,1456,1655,3511,3465,3569,2961,806,2561,1811,3269,2927,2000,2202,412,3827,3300,3981,2765,0,3352,1964,1300,2147,1264,1389,2973,3313,1523,2828,1476,2360,1523,1612,1118,3383,3668,1565,1500,565,4031,1886,3505,2109,2088,2080,2213,1749,3052,1431,2213,2920,3827,1902,1746,3080,4134,1726,223,1565,1726,3220,4143,3400,3104,2308,1431,1562,1345,3584,1100,1004,806,1360,3352,0,2846,2061,4295,3605,4716,2039,707,4494,4024,3397,2012,3820,3394,4459,984,2121,3465,2308,2863,1824,4939,854,5131,2000,4455,2731,2549,2262,1931,2024,1910,1100,4393,4687,1711,1236,1562,2886,2061,3969,1004,2594,4052,316,4060,3324,2420,2475,2376,2707,3383,3106,1603,1964,2846,0,1565,1500,1140,3106,3701,3224,3478,1272,3206,900,1208,3313,2830,2300,4242,3306,806,1503,2563,3807,3448,4031,2915,1711,282,2973,1303,1835,3052,1360,2707,3847,3700,3606,3014,360,2213,2302,2594,2473,2102,2531,1640,2545,1923,943,1077,1581,2561,2158,2683,1581,1300,2061,1565,0,2607,1746,2683,2193,2109,2617,2801,1868,1414,2012,1941,2416,2126,2801,1964,761,806,2860,3041,2319,3252,1360,2683,1676,1431,2137,282,1500,1897,2561,2729,2831,2163,2860,2773,4356,3535,5197,1886,2319,4687,1204,5122,4527,3551,3671,2469,4204,4701,4604,3101,2147,4295,1500,2607,0,921,2607,4780,4588,3324,1081,3623,2400,640,3758,2400,3800,5408,3712,2024,2051,4002,3500,4810,3701,3905,282,1711,3753,2692,2884,4045,2828,4204,3905,3512,4770,4509,1964,3700,3138,4338,1972,1627,3773,848,4220,3667,2683,2823,1627,3710,3889,4031,2570,1264,3605,1140,1746,921,0,2061,3883,3807,2607,1600,2731,1931,282,2863,1802,3275,4527,2823,1300,1131,3667,2863,4026,3080,3000,943,1421,2831,2441,2012,3140,2459,3710,3114,2816,3894,4026,3041,4884,4827,4700,4024,583,3087,2865,4242,4110,3275,3492,1140,5215,4554,5366,4140,1389,4716,3106,2683,2607,2061,0,4011,4609,921,3590,1992,3676,2184,2118,282,4770,4716,2024,2831,1941,5390,921,4785,1104,3201,2400,3383,2707,4327,2785,3300,4242,5215,1627,1029,4200,5522,2140,2256,3413,761,4477,3551,1562,3820,360,608,1280,1252,2961,3125,1118,2816,2886,2973,2039,3701,2193,4780,3883,4011,0,1392,3423,4967,2121,3220,4161,2039,3832,2900,707,2137,2906,2778,3801,3847,1389,3981,894,4825,3744,1303,3794,1910,761,3448,3125,3036,3551,360,3275,1843,900,2247,1019,3748,4060,2860,3443,1627,806,1334,1118,3471,1802,300,1431,1920,3313,707,3224,2109,4588,3807,4609,1392,0,4254,4465,3052,2483,4052,3023,4373,1676,1414,3106,2563,2901,2531,4701,223,4875,1581,4712,3162,2163,2860,1900,1562,2500,1802,4049,4428,1044,1910,2969,4687,4904,4159,4464,1004,2280,3298,3601,3640,2952,3176,1118,5166,4143,5220,4186,1523,4494,3478,2617,3324,2607,921,3423,4254,0,4204,1303,3858,2800,1400,984,4738,4110,1300,3001,2059,5467,447,4401,640,2720,3157,3733,2158,4565,2624,2789,4410,5166,707,223,3667,5456,2831,4031,2927,5240,1004,3214,5200,1166,5326,4596,3687,3748,3214,3667,4640,4148,2692,2828,4024,1272,2801,1081,1600,3590,4967,4465,4204,0,4244,2012,1414,4368,3354,3324,5515,4341,2061,2529,3300,4440,4687,4652,4161,1360,1303,4159,2009,3080,4301,2256,3667,4709,4410,4879,3945,2154,3606,4114,2863,4201,1664,1140,3140,2300,2376,1838,2051,1204,4220,2906,4172,3401,1476,3397,3206,1868,3623,2731,1992,2121,3052,1303,4244,0,3275,2996,141,1878,3827,2807,100,2507,1726,4652,1726,3176,1868,1476,3551,3400,894,4002,1746,1523,3764,4220,1000,1431,2376,4482,1204,2024,1208,3342,1280,3114,3905,1204,3577,2745,1992,1969,2745,1811,2687,2209,707,2360,2012,900,1414,2400,1931,3676,3220,2483,3858,2012,3275,0,2061,3354,3394,1400,3661,3373,860,1802,1749,4243,2701,4465,2570,2607,728,2801,728,1600,2692,565,1811,4085,4081,3052,2121,2213,3905,3257,4606,1920,1802,4049,894,4500,3935,2952,3087,1868,3863,4143,4210,2729,1523,3820,1208,2012,640,282,2184,4161,4052,2800,1414,2996,2061,0,3130,1941,3436,4802,3087,1513,1414,3769,3026,4272,3238,3280,670,1476,3114,2505,2282,3420,2563,3863,3337,3001,4167,4177,2213,3606,4162,2789,4304,1802,1000,3255,2202,2325,1843,2051,1345,4243,2865,4177,3453,1612,3394,3313,1941,3758,2863,2118,2039,3023,1400,4368,141,3354,3130,0,2012,3858,2716,100,2601,1843,4695,1811,3138,1941,1442,3689,3501,860,4079,1802,1476,3832,4243,1029,1513,2308,4500,2773,4623,4545,4504,3757,316,3001,2594,4079,3901,3041,3255,905,4939,4328,5099,3860,1118,4459,2830,2416,2400,1802,282,3832,4373,984,3354,1878,3394,1941,2012,0,4494,4539,1923,2549,1664,5108,1100,4554,1303,3001,2209,3106,2531,4045,2529,3106,3959,4939,1664,1140,4004,5247,1769,860,583,2692,2416,4188,4080,2601,3206,2302,2061,1897,3701,447,1964,824,707,3383,984,2300,2126,3800,3275,4770,2900,1676,4738,3324,3827,1400,3436,3858,4494,0,3080,3911,2024,2830,905,5166,1838,5375,2624,4004,2109,3087,1389,2126,2692,1077,447,4780,4949,2607,761,2690,2308,3640,400,4940,4257,2102,4393,538,921,1860,1769,3667,3214,1118,2801,3220,3668,2121,4242,2801,5408,4527,4716,707,1414,4110,5515,2807,3661,4802,2716,4539,3080,0,2816,3471,3443,3945,4527,1300,4652,1581,5470,4252,2009,4159,2523,1456,3801,3214,3687,4229,640,3300,2247,3676,4204,2886,4301,1720,1081,3238,2302,2416,1910,2121,1280,4301,2952,4244,3492,1565,3465,3306,1964,3712,2823,2024,2137,3106,1300,4341,100,3373,3087,100,1923,3911,2816,0,2607,1824,4741,1711,3224,1843,1526,3635,3500,943,4100,1838,1565,3860,4301,943,1414,2404,4560,781,2400,2000,3220,1726,2262,3275,921,3264,2561,1627,1702,1886,2469,2683,2745,1341,1500,2308,806,761,2024,1300,2831,2906,2563,3001,2061,2507,860,1513,2601,2549,2024,3471,2607,0,943,2561,3383,2785,3605,2109,2158,921,2184,1565,1029,2247,1421,2469,3257,3224,2831,2785,1140,3008,2900,3289,2507,1360,2683,1414,3106,2624,1649,1824,943,3275,2927,3453,2202,565,2863,1503,806,2051,1131,1941,2778,2901,2059,2529,1726,1802,1414,1843,1664,2830,3443,1824,943,0,3465,2441,3106,2662,1886,2061,1726,1702,2505,1004,2024,2360,3275,2353,2282,2823,3584,2523,1649,565,3551,2302,4816,4972,2879,4101,3200,2941,2789,4386,761,2828,1303,1280,4031,1824,2563,2860,4002,3667,5390,3801,2531,5467,3300,4652,1749,3769,4695,5108,905,3945,4741,2561,3465,0,5879,2668,6095,3517,4244,2308,3956,1315,2915,3590,1208,761,5575,5685,3501,848,3397,5131,5315,4589,4775,1236,2630,3605,4011,4080,3400,3623,1500,5597,4588,5661,4601,1886,4939,3807,3041,3500,2863,921,3847,4701,447,4440,1726,4243,3026,1811,1100,5166,4527,1711,3383,2441,5879,0,4846,223,3162,3306,4071,2596,4939,3061,3228,4801,5597,948,300,4100,5889,2061,1019,2416,900,3962,4242,2906,3667,1581,848,1513,1303,3649,1923,282,1503,2126,3505,854,3448,2319,4810,4026,4785,1389,223,4401,4687,3176,2701,4272,3138,4554,1838,1300,3224,2785,3106,2668,4846,0,5015,1700,4933,3383,2282,3061,2102,1664,2701,1923,4167,4569,1029,2000,3606,5325,5531,4729,4997,1456,2707,3827,4130,4237,3584,3807,1720,5805,4753,5860,4816,2109,5131,4031,3252,3701,3080,1104,3981,4875,640,4652,1868,4465,3238,1941,1303,5375,4652,1843,3605,2662,6095,223,5015,0,3324,3501,4295,2751,5162,3264,3383,5021,5805,1004,447,4244,6095,1392,2220,3041,1503,3769,2707,1456,3000,1220,921,600,728,2109,2954,1431,2801,2402,2088,2000,2915,1360,3905,3000,3201,894,1581,2720,4161,1476,2570,3280,1442,3001,2624,1581,1526,2109,1886,3517,3162,1700,3324,0,3940,2996,583,3224,1081,141,2906,2954,2469,2879,1004,3176,2879,4527,3765,5277,2163,2158,4640,1403,5161,4606,3623,3757,2370,4418,4810,4800,3301,2080,4455,1711,2683,282,943,2400,4825,4712,3157,1360,3551,2607,670,3689,2209,4004,5470,3635,2158,2061,4244,3306,4933,3501,3940,0,1941,3748,2941,2952,4080,3059,4418,3764,3337,4837,4726,1612,2751,1824,3959,806,2865,4197,583,4104,3330,2469,2500,2624,2500,3342,2927,1431,2213,2731,282,1676,1711,1421,3383,3744,3162,3733,1303,3400,728,1476,3501,3106,2109,4252,3500,921,1726,2308,4071,3383,4295,2996,1941,0,3104,1029,1931,3130,1118,2500,4079,3956,3623,2801,1600,2765,3448,2009,3905,2256,1104,2996,1552,1486,1029,1220,1676,3448,2012,3342,2765,1749,2549,2973,1431,3753,2831,2707,1303,2163,2158,4159,894,2801,3114,860,2531,3087,2009,943,2184,1702,3956,2596,2282,2751,583,3748,3104,0,3501,1204,632,3214,3448,1886,2308,1513,3689,1902,2202,921,3807,1044,3780,4600,1612,4143,3269,2630,2570,3448,1676,3106,2193,943,3052,2262,1303,2137,2692,2441,4327,3794,2860,4565,2009,4002,728,2505,4079,4045,1389,4159,4100,1565,2505,1315,4939,3061,5162,3224,2941,1029,3501,0,2308,3337,360,1676,4810,4788,3584,1941,412,2102,2370,2325,2720,2213,2308,1920,2262,1655,670,824,1655,2545,1923,2607,1655,1431,1931,1835,282,2884,2012,2785,1910,1900,2624,3080,1746,1600,2282,1802,2529,2126,2523,1838,1029,1004,2915,3061,2102,3264,1081,2952,1931,1204,2308,0,1220,2039,2545,2662,2831,1886,2831,1523,2247,3125,1400,3900,2816,1392,3140,1081,854,707,806,2220,3008,1389,2830,2500,2213,2024,3052,1500,4045,3140,3300,761,1562,2789,4301,1523,2692,3420,1476,3106,2692,1456,1565,2247,2024,3590,3228,1664,3383,141,4080,3130,632,3337,1220,0,3014,3008,2505,2941,900,3220,1627,1860,707,3448,1341,3679,4304,1676,3794,2915,2308,2236,3301,1414,2745,1897,583,2920,1910,1360,1897,2828,2459,4242,3448,2500,4410,2256,3764,565,2563,3832,3959,1077,3801,3860,1421,2360,1208,4801,2701,5021,2906,3059,1118,3214,360,2039,3014,0,1414,4609,4632,3231,1702,2202,905,761,2816,2720,4632,4401,3014,3405,2517,2418,2236,4140,0,2102,565,1140,3827,1100,2707,2561,4204,3710,5215,3125,1802,5166,3667,4220,1811,3863,4243,4939,447,3214,4301,2469,3275,761,5597,1923,5805,2954,4418,2500,3448,1676,2545,3008,1414,0,5185,5375,2807,316,3052,4601,5024,3794,4850,1615,1702,3712,3157,3354,2831,3047,1500,5185,3894,5162,4304,1902,4393,3847,2729,3905,3114,1627,3036,4049,707,4709,1000,4085,3337,1029,1664,4780,3687,943,3257,2353,5575,948,4167,1004,2469,3764,4079,1886,4810,2662,2505,4609,5185,0,670,3324,5456,3182,4882,5122,4295,4684,1200,2334,3517,3712,3794,3138,3361,1341,5375,4308,5420,4404,1746,4687,3700,2831,3512,2816,1029,3551,4428,223,4410,1431,4081,3001,1513,1140,4949,4229,1414,3224,2282,5685,300,4569,447,2879,3337,3956,2308,4788,2831,2941,4632,5375,670,0,3807,5663,2051,1923,3140,500,4326,3712,1910,3753,600,316,1220,1131,3114,2807,761,2473,2657,3080,1711,3606,2163,4770,3894,4200,360,1044,3667,4879,2376,3052,4167,2308,4004,2607,640,2404,2831,2823,3501,4100,1029,4244,1004,4837,3623,1513,3584,1886,900,3231,2807,3324,3807,0,2942,2500,1019,1019,2900,2983,4939,4609,3324,3535,2668,2662,2469,4440,316,2209,509,1456,4134,1236,3014,2860,4509,4026,5522,3275,1910,5456,3945,4482,2121,4177,4500,5247,761,3300,4560,2785,3584,848,5889,2000,6095,3176,4726,2801,3689,1941,2831,3220,1702,316,5456,5663,2942,0]);
