ncustomers = 20;
ndepots = 5;
vehicle_capacity = 70;
capacities = [140,140,140,140,140];
demands = [17,18,13,19,12,18,13,13,17,20,16,18,15,11,18,16,15,15,15,16];
opening_cost = [10841,11961,6091,7570,7497];
route_cost = 1000;
% the distance matrix is indexed as follows:
% * the first ncustomers elements are the customers
% * the elements between ncustomers + 1 and ncustomers + ndepots are depots
distances = array2d(1..25, 1..25, [0,1264,1204,447,1204,1555,2343,1910,1969,2983,1615,200,1208,900,1627,2353,1581,860,3498,1208,3130,905,2080,3264,3088,1264,0,2418,1280,1941,2404,3551,2692,721,2024,2109,1216,1655,1300,1500,2024,316,1029,3969,905,2408,1702,3008,3679,2319,1204,2418,0,1170,1077,1910,1140,2236,3138,4177,2319,1345,1431,1923,2683,3401,2729,1627,3905,2022,4272,1004,2154,3748,4243,447,1280,1170,0,806,1984,2282,2343,2000,3190,2061,632,761,1315,2002,2716,1581,509,3944,905,3417,509,2483,3712,3361,1204,1941,1077,806,0,2594,1923,2952,2624,3935,2789,1403,412,2102,2807,3522,2202,921,4609,1220,4205,300,3000,4401,4143,1555,2404,1910,1984,2594,0,2692,360,2915,3231,640,1421,2720,1118,1486,2000,2668,2408,2024,2720,3023,2332,608,1843,3052,2343,3551,1140,2282,1923,2692,0,2942,4272,5303,3231,2475,2334,3000,3744,4441,3858,2692,4500,3067,5360,1992,2701,4410,5341,1910,2692,2236,2343,2952,360,2942,0,3157,3324,707,1769,3080,1392,1612,2012,2941,2758,1676,3061,3041,2692,447,1513,3087,1969,721,3138,2000,2624,2915,4272,3157,0,1503,2500,1897,2302,1802,1700,1984,424,1702,4219,1476,2039,2404,3522,3911,1923,2983,2024,4177,3190,3935,3231,5303,3324,1503,0,2624,2831,3676,2360,1746,1400,1843,3046,3765,2912,707,3671,3764,3452,565,1615,2109,2319,2061,2789,640,3231,707,2500,2624,0,1431,2823,848,905,1360,2325,2385,1920,2624,2385,2500,1140,1664,2418,200,1216,1345,632,1403,1421,2475,1769,1897,2831,1431,0,1392,700,1431,2158,1529,989,3328,1303,2952,1104,1972,3088,2915,1208,1655,1431,761,412,2720,2334,3080,2302,3676,2823,1392,0,2061,2707,3400,1886,632,4701,848,4002,447,3182,4472,3929,900,1300,1923,1315,2102,1118,3000,1392,1802,2360,848,700,2061,0,761,1486,1552,1565,2765,1780,2360,1802,1726,2500,2343,1627,1500,2683,2002,2807,1486,3744,1612,1700,1746,905,1431,2707,761,0,728,1627,2137,2523,2247,1627,2507,2039,2220,1627,2353,2024,3401,2716,3522,2000,4441,2012,1984,1400,1360,2158,3400,1486,728,0,2059,2807,2404,2863,1029,3224,2459,2088,1077,1581,316,2729,1581,2202,2668,3858,2941,424,1843,2325,1529,1886,1552,1627,2059,0,1280,4140,1077,2302,1979,3275,3841,2200,860,1029,1627,509,921,2408,2692,2758,1702,3046,2385,989,632,1565,2137,2807,1280,0,4301,400,3373,721,2941,4049,3298,3498,3969,3905,3944,4609,2024,4500,1676,4219,3765,1920,3328,4701,2765,2523,2404,4140,4301,0,4545,3206,4338,1802,316,3313,1208,905,2022,905,1220,2720,3067,3061,1476,2912,2624,1303,848,1780,2247,2863,1077,400,4545,0,3313,1077,3275,4280,3224,3130,2408,4272,3417,4205,3023,5360,3041,2039,707,2385,2952,4002,2360,1627,1029,2302,3373,3206,3313,0,3921,3488,2901,141,905,1702,1004,509,300,2332,1992,2692,2404,3671,2500,1104,447,1802,2507,3224,1979,721,4338,1077,3921,0,2765,4123,3862,2080,3008,2154,2483,3000,608,2701,447,3522,3764,1140,1972,3182,1726,2039,2459,3275,2941,1802,3275,3488,2765,0,1711,3534,3264,3679,3748,3712,4401,1843,4410,1513,3911,3452,1664,3088,4472,2500,2220,2088,3841,4049,316,4280,2901,4123,1711,0,3006,3088,2319,4243,3361,4143,3052,5341,3087,1923,565,2418,2915,3929,2343,1627,1077,2200,3298,3313,3224,141,3862,3534,3006,0]);
