ncustomers = 50;
ndepots = 5;
vehicle_capacity = 70;
capacities = [350,420,350,420,420];
demands = [12,11,13,14,15,11,16,18,19,14,20,19,13,14,20,20,17,15,19,16,15,11,17,12,15,17,13,15,15,12,20,20,11,15,18,16,20,11,18,12,19,11,12,15,15,18,12,12,13,15];
opening_cost = [13462,13833,10659,5128,5583];
route_cost = 1000;
% the distance matrix is indexed as follows:
% * the first ncustomers elements are the customers
% * the elements between ncustomers + 1 and ncustomers + ndepots are depots
distances = array2d(1..55, 1..55, [0,2220,1403,2408,2140,2284,1627,100,854,2701,1811,1800,1802,1360,948,1886,1972,2332,3001,2500,2154,2846,1802,1941,2102,2969,3008,2308,2720,1562,4687,4301,2507,3667,4924,2202,2641,4304,3124,3769,4176,2731,4100,2780,3026,2983,3413,2570,2600,3667,2061,894,3517,3623,4201,2220,0,1456,538,100,500,632,2280,2158,500,1100,1868,1400,1029,1552,3008,3104,3354,4623,3313,3448,4100,3535,2983,3894,3413,4317,3939,4026,2624,2828,2773,1303,3264,4263,1264,2647,2731,3354,3190,3330,2500,2641,3026,2080,3238,3289,2024,1526,1897,3352,1972,2720,3736,4178,1403,1456,0,1910,1431,1220,1216,1400,1923,1931,500,2360,400,509,1486,1552,1649,1910,3178,1902,1992,2647,2140,1529,2500,2118,2863,2505,2570,1170,3352,2906,1140,2420,3635,824,1500,2915,2147,2469,2823,1486,2701,1788,1627,2012,2267,1208,1204,2340,1897,670,2154,2607,3140,2408,538,1910,0,509,1029,806,2483,2147,509,1612,1600,1910,1431,1581,3452,3551,3820,5028,3801,3883,4554,3900,3436,4254,3931,4767,4332,4472,3059,3132,3190,1835,3801,4780,1802,3178,3138,3883,3721,3841,3036,3080,3551,2607,3765,3827,2563,2059,2282,3785,2340,3244,4272,4716,2140,100,1431,509,0,565,538,2202,2061,565,1104,1772,1403,984,1456,2983,3080,3337,4588,3306,3420,4079,3488,2961,3847,3423,4295,3900,4002,2596,2927,2863,1360,3312,4327,1300,2668,2823,3373,3244,3397,2529,2729,3041,2140,3255,3324,2061,1581,1992,3324,1923,2780,3764,4215,2284,500,1220,1029,565,0,921,2325,2402,800,761,2284,1044,943,1800,2731,2823,3036,4382,2961,3178,3794,3360,2692,3720,3000,4016,3721,3733,2370,2500,2340,806,2773,3764,806,2209,2308,2915,2692,2831,2039,2193,2601,1581,2807,2816,1552,1029,1513,3087,1838,2220,3275,3700,1627,632,1216,806,538,921,0,1697,1529,1081,1081,1389,1341,707,921,2707,2807,3100,4244,3114,3125,3811,3101,2701,3453,3324,4019,3544,3721,2308,3405,3257,1581,3420,4527,1414,2640,3228,3324,3397,3623,2555,3101,2973,2343,3195,3361,2140,1780,2433,3026,1552,2973,3757,4254,100,2280,1400,2483,2202,2325,1697,0,948,2765,1824,1900,1800,1392,1044,1802,1886,2247,2901,2420,2061,2751,1702,1860,2002,2900,2912,2209,2624,1486,4707,4304,2517,3624,4884,2209,2594,4310,3061,3733,4148,2692,4101,2720,3014,2920,3361,2549,2601,3687,1969,854,3492,3560,4140,854,2158,1923,2147,2061,2402,1529,948,0,2563,2184,1044,2284,1649,608,2729,2817,3176,3820,3328,3008,3700,2630,2778,2906,3764,3860,3140,3573,2385,4901,4652,2863,4326,5556,2596,3342,4638,3889,4390,4742,3383,4472,3535,3511,3748,4123,3130,3008,3901,2915,1627,4071,4384,4951,2701,500,1931,509,565,800,1081,2765,2563,0,1529,2102,1824,1526,1969,3478,3573,3807,5107,3748,3921,4560,4031,3448,4390,3800,4780,4428,4492,3101,2624,2720,1552,3511,4410,1603,3006,2662,3712,3401,3466,2828,2624,3401,2284,3605,3590,2334,1772,1802,3827,2469,2906,4060,4464,1811,1100,500,1612,1104,761,1081,1824,2184,1529,0,2408,300,538,1655,1969,2061,2280,3623,2220,2416,3036,2624,1931,2983,2319,3257,2968,2973,1612,2886,2501,700,2343,3482,412,1581,2500,2280,2334,2607,1476,2308,1941,1341,2158,2282,1063,824,1868,2325,1166,1941,2692,3176,1800,1868,2360,1600,1772,2284,1389,1900,1044,2102,2408,0,2617,1910,948,3544,3640,3984,4801,4085,3883,4589,3601,3573,3901,4429,4767,4104,4472,3162,4687,4623,2968,4738,5889,2780,3860,4588,4494,4742,5000,3828,4477,4134,3720,4356,4622,3465,3162,3764,3785,2340,4341,4964,5500,1802,1400,400,1910,1403,1044,1341,1800,2284,1824,300,2617,0,707,1802,1700,1788,1992,3361,1923,2147,2751,2404,1655,2758,2022,2973,2720,2692,1360,2973,2507,761,2121,3301,447,1300,2517,1992,2140,2459,1220,2302,1649,1236,1868,2024,860,806,1969,2059,1044,1788,2416,2915,1360,1029,509,1431,984,943,707,1392,1649,1526,538,1910,707,0,1118,2022,2121,2402,3605,2408,2451,3125,2505,2009,2865,2624,3337,2915,3041,1627,3337,3014,1216,2828,4000,948,1972,3006,2640,2842,3138,1920,2828,2284,1878,2507,2720,1562,1360,2319,2353,943,2469,3088,3605,948,1552,1486,1581,1456,1800,921,1044,608,1969,1655,948,1802,1118,0,2596,2692,3036,3905,3138,2942,3649,2707,2624,3026,3498,3832,3201,3535,2213,4300,4079,2308,3905,5103,2061,2973,4060,3580,3940,4254,2973,3905,3220,2996,3440,3748,2662,2469,3306,2844,1392,3584,4060,4609,1886,3008,1552,3452,2983,2731,2707,1802,2729,3478,1969,3544,1700,2022,2596,0,100,447,1664,640,447,1104,921,100,1208,1208,1315,1063,1019,400,4382,3712,2343,2300,3522,2080,1334,3758,1456,2507,3026,1581,3488,1204,2332,1334,1910,1802,2262,3471,360,1216,2500,1931,2507,1972,3104,1649,3551,3080,2823,2807,1886,2817,3573,2061,3640,1788,2121,2692,100,0,360,1581,583,360,1004,905,141,1170,1170,1216,1000,921,500,4440,3758,2420,2302,3512,2163,1360,3807,1431,2517,3041,1615,3535,1200,2385,1315,1902,1860,2334,3538,282,1315,2529,1897,2469,2332,3354,1910,3820,3337,3036,3100,2247,3176,3807,2280,3984,1992,2402,3036,447,360,0,1486,300,400,761,1118,412,1303,905,984,1044,721,824,4468,3744,2555,2137,3300,2325,1303,3801,1200,2376,2912,1581,3522,1044,2408,1104,1711,1910,2441,3612,412,1649,2459,1627,2184,3001,4623,3178,5028,4588,4382,4244,2901,3820,5107,3623,4801,3361,3605,3905,1664,1581,1486,0,1720,1220,854,1200,1720,921,2193,707,707,806,2012,5954,5220,4000,3492,4512,3744,2780,5280,2507,3757,4295,3061,5000,2469,3894,2459,3046,3394,3905,5093,1303,2692,3911,2789,3224,2500,3313,1902,3801,3306,2961,3114,2420,3328,3748,2220,4085,1923,2408,3138,640,583,300,1720,0,700,921,1414,565,1603,608,1140,1334,921,943,4244,3500,2416,1843,3000,2213,1063,3560,900,2088,2624,1345,3280,761,2193,806,1414,1720,2282,3420,707,1746,2195,1334,1897,2154,3448,1992,3883,3420,3178,3125,2061,3008,3921,2416,3883,2147,2451,2942,447,360,400,1220,700,0,707,728,500,905,1303,900,670,600,824,4780,4081,2780,2531,3700,2523,1655,4134,1600,2765,3298,1923,3858,1431,2720,1503,2109,2202,2690,3889,100,1600,2823,2022,2570,2846,4100,2647,4554,4079,3794,3811,2751,3700,4560,3036,4589,2751,3125,3649,1104,1004,761,854,921,707,0,1204,1118,1166,1341,223,806,141,1503,5162,4404,3312,2640,3667,3087,1979,4468,1655,2906,3443,2262,4186,1640,3114,1612,2193,2640,3190,4341,806,2302,3080,1941,2402,1802,3535,2140,3900,3488,3360,3101,1702,2630,4031,2624,3601,2404,2505,2707,921,905,1118,1200,1414,728,1204,0,1019,360,2022,1303,509,1063,1081,5247,4609,3124,3206,4404,2831,2256,4651,2308,3423,3945,2500,4386,2102,3220,2202,2800,2683,3080,4301,707,1565,3420,2745,3298,1941,2983,1529,3436,2961,2692,2701,1860,2778,3448,1931,3573,1655,2009,2624,100,141,412,1720,565,500,1118,1019,0,1300,1118,1334,1140,1044,412,4301,3623,2280,2200,3423,2024,1236,3671,1360,2408,2927,1486,3400,1104,2247,1236,1811,1720,2193,3397,424,1236,2404,1838,2416,2102,3894,2500,4254,3847,3720,3453,2002,2906,4390,2983,3901,2758,2865,3026,1208,1170,1303,921,1603,905,1166,360,1300,0,2200,1204,360,1029,1421,5575,4919,3471,3436,4601,3182,2529,4964,2501,3667,4197,2785,4695,2334,3535,2408,3014,3001,3420,4640,921,1923,3700,2906,3436,2969,3413,2118,3931,3423,3000,3324,2900,3764,3800,2319,4429,2022,2624,3498,1208,1170,905,2193,608,1303,1341,2022,1118,2200,0,1526,1910,1392,1421,3905,3111,2334,1300,2402,2202,824,3182,316,1565,2102,1077,2900,412,1923,282,854,1552,2158,3176,1315,2140,1769,728,1300,3008,4317,2863,4767,4295,4016,4019,2912,3860,4780,3257,4767,2973,3337,3832,1315,1216,984,707,1140,900,223,1303,1334,1204,1526,0,848,300,1711,5374,4609,3535,2817,3807,3310,2193,4675,1835,3088,3623,2475,4393,1843,3330,1802,2370,2860,3413,4560,1000,2500,3280,2088,2517,2308,3939,2505,4332,3900,3721,3544,2209,3140,4428,2968,4104,2720,2915,3201,1063,1000,1044,707,1334,670,806,509,1140,360,1910,848,0,670,1360,5440,4750,3397,3178,4310,3124,2325,4802,2220,3420,3956,2594,4527,2088,3383,2137,2745,2860,3324,4534,721,1992,3492,2600,3114,2720,4026,2570,4472,4002,3733,3721,2624,3573,4492,2973,4472,2692,3041,3535,1019,921,721,806,921,600,141,1063,1044,1029,1392,300,670,0,1414,5166,4420,3275,2692,3748,3041,1984,4482,1708,2954,3492,2267,4201,1664,3111,1655,2247,2624,3162,4327,700,2200,3106,2022,2500,1562,2624,1170,3059,2596,2370,2308,1486,2385,3101,1612,3162,1360,1627,2213,400,500,824,2012,943,824,1503,1081,412,1421,1421,1711,1360,1414,0,4167,3546,2051,2334,3590,1769,1303,3584,1612,2507,3000,1503,3324,1300,2154,1476,1992,1615,2000,3220,728,824,2418,2109,2692,4687,2828,3352,3132,2927,2500,3405,4707,4901,2624,2886,4687,2973,3337,4300,4382,4440,4468,5954,4244,4780,5162,5247,4301,5575,3905,5374,5440,5166,4167,0,854,2213,2817,2901,2529,3182,761,3640,2549,2184,2900,1029,3538,2061,3623,3190,2580,2193,1019,4720,4016,2163,3671,3733,4301,2773,2906,3190,2863,2340,3257,4304,4652,2720,2501,4623,2507,3014,4079,3712,3758,3744,5220,3500,4081,4404,4609,3623,4919,3111,4609,4750,4420,3546,854,0,1802,1972,2109,2100,2441,100,2831,1700,1334,2163,223,2765,1392,2828,2360,1931,1702,921,4031,3535,1345,2830,2879,2507,1303,1140,1835,1360,806,1581,2517,2863,1552,700,2968,761,1216,2308,2343,2420,2555,4000,2416,2780,3312,3124,2280,3471,2334,3535,3397,3275,2051,2213,1802,0,1969,2973,316,1513,1800,2202,1886,2051,1300,1612,1923,781,2109,2039,800,223,1208,2701,1802,1421,2517,2912,3667,3264,2420,3801,3312,2773,3420,3624,4326,3511,2343,4738,2121,2828,3905,2300,2302,2137,3492,1843,2531,2640,3206,2200,3436,1300,2817,3178,2692,2334,2817,1972,1969,0,1264,2024,1044,2059,984,282,806,943,1788,1104,1236,1044,447,1280,1746,2319,2517,2773,707,860,1000,4924,4263,3635,4780,4327,3764,4527,4884,5556,4410,3482,5889,3301,4000,5103,3522,3512,3300,4512,3000,3700,3667,4404,3423,4601,2402,3807,4310,3748,3590,2901,2109,2973,1264,0,3114,2308,2209,2100,1166,943,2193,2039,2319,2193,2202,1612,2441,2758,2846,3701,4031,1555,1726,1341,2202,1264,824,1802,1300,806,1414,2209,2596,1603,412,2780,447,948,2061,2080,2163,2325,3744,2213,2523,3087,2831,2024,3182,2202,3310,3124,3041,1769,2529,2100,316,2024,3114,0,1403,2102,2109,1984,2220,1236,1902,1800,943,2002,2024,761,412,1523,2441,1486,1562,2473,2915,2641,2647,1500,3178,2668,2209,2640,2594,3342,3006,1581,3860,1300,1972,2973,1334,1360,1303,2780,1063,1655,1979,2256,1236,2529,824,2193,2325,1984,1303,3182,2441,1513,1044,2308,1403,0,2500,707,1204,1702,282,2220,412,1140,600,781,728,1334,2385,1615,1749,1170,1118,1640,4304,2731,2915,3138,2823,2308,3228,4310,4638,2662,2500,4588,2517,3006,4060,3758,3807,3801,5280,3560,4134,4468,4651,3671,4964,3182,4675,4802,4482,3584,761,100,1800,2059,2209,2102,2500,0,2906,1788,1431,2220,282,2831,1431,2900,2441,1969,1711,860,4081,3551,1421,2915,2973,3124,3354,2147,3883,3373,2915,3324,3061,3889,3712,2280,4494,1992,2640,3580,1456,1431,1200,2507,900,1600,1655,2308,1360,2501,316,1835,2220,1708,1612,3640,2831,2202,984,2100,2109,707,2906,0,1252,1788,905,2624,360,1708,141,538,1403,2009,2954,1603,2262,1486,500,1081,3769,3190,2469,3721,3244,2692,3397,3733,4390,3401,2334,4742,2140,2842,3940,2507,2517,2376,3757,2088,2765,2906,3423,2408,3667,1565,3088,3420,2954,2507,2549,1700,1886,282,1166,1984,1204,1788,1252,0,538,1044,1523,1334,1118,1300,721,1280,1664,2102,2745,2879,509,1140,1216,4176,3330,2823,3841,3397,2831,3623,4148,4742,3466,2607,5000,2459,3138,4254,3026,3041,2912,4295,2624,3298,3443,3945,2927,4197,2102,3623,3956,3492,3000,2184,1334,2051,806,943,2220,1702,1431,1788,538,0,1503,1204,1868,1280,1838,1252,1615,1843,1941,3275,3298,670,1627,1565,2731,2500,1486,3036,2529,2039,2555,2692,3383,2828,1476,3828,1220,1920,2973,1581,1615,1581,3061,1345,1923,2262,2500,1486,2785,1077,2475,2594,2267,1503,2900,2163,1300,943,2193,1236,282,2220,905,1044,1503,0,1941,670,860,824,806,500,1104,2109,1878,1838,921,1236,1700,4100,2641,2701,3080,2729,2193,3101,4101,4472,2624,2308,4477,2302,2828,3905,3488,3535,3522,5000,3280,3858,4186,4386,3400,4695,2900,4393,4527,4201,3324,1029,223,1612,1788,2039,1902,2220,282,2624,1523,1204,1941,0,2549,1170,2617,2163,1708,1500,860,3807,3324,1140,2641,2720,2780,3026,1788,3551,3041,2601,2973,2720,3535,3401,1941,4134,1649,2284,3220,1204,1200,1044,2469,761,1431,1640,2102,1104,2334,412,1843,2088,1664,1300,3538,2765,1923,1104,2319,1800,412,2831,360,1334,1868,670,2549,0,1526,223,707,1140,1746,2778,1414,1910,1442,848,1421,3026,2080,1627,2607,2140,1581,2343,3014,3511,2284,1341,3720,1236,1878,2996,2332,2385,2408,3894,2193,2720,3114,3220,2247,3535,1923,3330,3383,3111,2154,2061,1392,781,1236,2193,943,1140,1431,1708,1118,1280,860,1170,1526,0,1655,1403,538,565,1252,2662,2200,640,1910,2220,2983,3238,2012,3765,3255,2807,3195,2920,3748,3605,2158,4356,1868,2507,3440,1334,1315,1104,2459,806,1503,1612,2202,1236,2408,282,1802,2137,1655,1476,3623,2828,2109,1044,2202,2002,600,2900,141,1300,1838,824,2617,223,1655,0,608,1315,1923,2906,1500,2121,1486,640,1220,3413,3289,2267,3827,3324,2816,3361,3361,4123,3590,2282,4622,2024,2720,3748,1910,1902,1711,3046,1414,2109,2193,2800,1811,3014,854,2370,2745,2247,1992,3190,2360,2039,447,1612,2024,781,2441,538,721,1252,806,2163,707,1403,608,0,1264,1824,2596,2102,2523,1029,509,894,2570,2024,1208,2563,2061,1552,2140,2549,3130,2334,1063,3465,860,1562,2662,1802,1860,1910,3394,1720,2202,2640,2683,1720,3001,1552,2860,2860,2624,1615,2580,1931,800,1280,2441,761,728,1969,1403,1280,1615,500,1708,1140,538,1315,1264,0,608,1702,2140,1711,948,1726,2154,2600,1526,1204,2059,1581,1029,1780,2601,3008,1772,824,3162,806,1360,2469,2262,2334,2441,3905,2282,2690,3190,3080,2193,3420,2158,3413,3324,3162,2000,2193,1702,223,1746,2758,412,1334,1711,2009,1664,1843,1104,1500,1746,565,1923,1824,608,0,1220,2617,1843,1204,2308,2692,3667,1897,2340,2282,1992,1513,2433,3687,3901,1802,1868,3764,1969,2319,3306,3471,3538,3612,5093,3420,3889,4341,4301,3397,4640,3176,4560,4534,4327,3220,1019,921,1208,2319,2846,1523,2385,860,2954,2102,1941,2109,860,2778,1252,2906,2596,1702,1220,0,3820,3008,1612,3104,3313,2061,3352,1897,3785,3324,3087,3026,1969,2915,3827,2325,3785,2059,2353,2844,360,282,412,1303,707,100,806,707,424,921,1315,1000,721,700,728,4720,4031,2701,2517,3701,2441,1615,4081,1603,2745,3275,1878,3807,1414,2662,1500,2102,2140,2617,3820,0,1500,2785,2039,2596,894,1972,670,2340,1923,1838,1552,854,1627,2469,1166,2340,1044,943,1392,1216,1315,1649,2692,1746,1600,2302,1565,1236,1923,2140,2500,1992,2200,824,4016,3535,1802,2773,4031,1486,1749,3551,2262,2879,3298,1838,3324,1910,2200,2121,2523,1711,1843,3008,1500,0,2647,2758,3330,3517,2720,2154,3244,2780,2220,2973,3492,4071,2906,1941,4341,1788,2469,3584,2500,2529,2459,3911,2195,2823,3080,3420,2404,3700,1769,3280,3492,3106,2418,2163,1345,1421,707,1555,1562,1170,1421,1486,509,670,921,1140,1442,640,1486,1029,948,1204,1612,2785,2647,0,1523,1702,3623,3736,2607,4272,3764,3275,3757,3560,4384,4060,2692,4964,2416,3088,4060,1931,1897,1627,2789,1334,2022,1941,2745,1838,2906,728,2088,2600,2022,2109,3671,2830,2517,860,1726,2473,1118,2915,500,1140,1627,1236,2641,848,1910,640,509,1726,2308,3104,2039,2758,1523,0,583,4201,4178,3140,4716,4215,3700,4254,4140,4951,4464,3176,5500,2915,3605,4609,2507,2469,2184,3224,1897,2570,2402,3298,2416,3436,1300,2517,3114,2500,2692,3733,2879,2912,1000,1341,2915,1640,2973,1081,1216,1565,1700,2720,1421,2220,1220,894,2154,2692,3313,2596,3330,1702,583,0]);
