ncustomers = 50;
ndepots = 5;
vehicle_capacity = 70;
capacities = [350,350,350,350,350];
demands = [16,14,18,12,14,11,15,14,12,13,18,17,18,13,17,11,14,15,16,14,18,16,17,15,13,11,16,18,17,17,18,13,20,16,13,12,13,12,16,18,17,19,20,18,19,18,11,15,16,15];
opening_cost = [5853,5709,5366,8566,5397];
route_cost = 1000;
% the distance matrix is indexed as follows:
% * the first ncustomers elements are the customers
% * the elements between ncustomers + 1 and ncustomers + ndepots are depots
distances = array2d(1..55, 1..55, [0,1303,806,583,500,943,721,1216,1216,1526,565,282,1392,800,500,509,1004,860,640,1500,1640,984,989,1000,1104,5020,5507,5800,4770,4609,5889,5515,4601,5093,5303,4827,5024,4534,4622,5161,5882,5597,5232,5235,5240,4949,5232,5103,5470,4534,4418,2828,1220,1334,1431,1303,0,500,894,1360,1063,1029,141,141,700,948,1104,400,1476,1044,800,300,1000,854,806,900,640,848,316,200,4272,4482,4879,3818,3801,5044,4770,3827,4390,4548,4000,4243,3744,3780,4244,4949,4780,4494,4201,4565,4219,4494,4172,4468,3744,3140,1529,1252,200,1802,806,500,0,500,894,761,640,412,412,860,500,608,640,1063,583,300,200,670,424,894,1029,509,608,223,300,4560,4882,5240,4186,4110,5375,5060,4123,4661,4841,4318,4545,4045,4103,4601,5315,5099,4780,4604,4825,4500,4780,4534,4860,4045,3634,2022,1104,538,1581,583,894,500,0,943,1100,905,860,860,1360,707,583,1131,1208,728,400,640,1000,700,1389,1526,412,1019,583,721,4455,4924,5220,4188,4036,5315,4951,4031,4534,4738,4252,4455,3962,4045,4580,5300,5024,4669,4652,4686,4386,4669,4522,4887,3962,3901,2404,728,1000,1118,500,1360,894,943,0,583,412,1236,1236,1334,412,360,1300,300,316,640,1077,538,509,1264,1392,1272,728,1118,1170,5381,5768,6107,5060,4949,6224,5879,4951,5467,5663,5162,5375,4879,4951,5467,6184,5939,5597,5491,5622,5315,5597,5403,5742,4879,4491,2801,1655,1315,1923,943,1063,761,1100,583,0,223,921,921,800,412,670,854,500,447,700,860,100,400,707,824,1264,223,943,921,5300,5544,5939,4879,4841,6095,5800,4860,5408,5580,5044,5280,4780,4827,5303,6010,5825,5521,5263,5575,5243,5521,5232,5531,4780,4080,2334,1811,943,2209,721,1029,640,905,412,223,0,894,894,921,200,447,905,447,223,509,781,141,223,854,984,1118,316,848,860,5200,5500,5872,4816,4750,6014,5700,4763,5300,5481,4957,5185,4686,4742,5234,5946,5738,5420,5220,5464,5140,5420,5166,5481,4686,4123,2408,1627,948,2002,1216,141,412,860,1236,921,894,0,0,608,824,1000,316,1341,921,707,223,860,728,700,806,670,707,282,141,4410,4622,5020,3959,3940,5185,4909,3966,4527,4687,4140,4382,3883,3920,4386,5091,4920,4632,4341,4701,4356,4632,4313,4609,3883,3255,1612,1300,141,1835,1216,141,412,860,1236,921,894,0,0,608,824,1000,316,1341,921,707,223,860,728,700,806,670,707,282,141,4410,4622,5020,3959,3940,5185,4909,3966,4527,4687,4140,4382,3883,3920,4386,5091,4920,4632,4341,4701,4356,4632,4313,4609,3883,3255,1612,1300,141,1835,1526,700,860,1360,1334,800,921,608,608,0,984,1252,300,1300,1077,1063,761,806,894,141,200,1264,608,854,728,4876,4949,5403,4341,4390,5603,5371,4429,5008,5147,4579,4837,4341,4356,4780,5467,5353,5100,4666,5189,4830,5100,4701,4951,4341,3324,1552,1897,500,2416,565,948,500,707,412,412,200,824,824,984,0,282,905,565,100,316,670,316,100,943,1081,943,424,721,761,5044,5382,5738,4686,4601,5869,5544,4609,5140,5326,4810,5032,4534,4596,5099,5813,5590,5263,5103,5300,4981,5263,5032,5360,4534,4079,2400,1431,905,1802,282,1104,608,583,360,670,447,1000,1000,1252,282,0,1140,632,223,316,806,583,360,1220,1360,921,707,824,905,5024,5437,5762,4720,4596,5872,5522,4596,5108,5307,4810,5020,4525,4601,5122,5841,5586,5240,5162,5263,4957,5240,5060,5408,4525,4242,2607,1300,1104,1603,1392,400,640,1131,1300,854,905,316,316,300,905,1140,0,1334,1004,894,500,824,806,412,500,984,632,583,447,4614,4742,5173,4110,4134,5360,5110,4167,4741,4887,4326,4579,4081,4104,4545,5240,5103,4837,4459,4919,4565,4837,4468,4738,4081,3228,1503,1615,200,2147,800,1476,1063,1208,300,500,447,1341,1341,1300,565,632,1334,0,500,860,1220,509,640,1204,1315,1500,707,1280,1303,5608,5940,6303,5249,5166,6435,6107,5173,5700,5889,5375,5597,5099,5162,5663,6378,6155,5825,5661,5860,5544,5825,5597,5920,5099,4560,2828,1931,1392,2220,500,1044,583,728,316,447,223,921,921,1077,100,223,1004,500,0,360,761,360,200,1029,1166,1000,500,806,854,5108,5464,5813,4763,4669,5939,5608,4675,5200,5390,4879,5099,4601,4666,5173,5889,5658,5326,5186,5360,5044,5326,5108,5440,4601,4177,2500,1456,1004,1800,509,800,300,400,640,700,509,707,707,1063,316,316,894,860,360,0,500,600,300,1063,1204,640,632,509,600,4750,5131,5467,4420,4313,5586,5249,4318,4841,5032,4525,4742,4244,4313,4827,5544,5303,4967,4854,5000,4686,4967,4763,5103,4244,3931,2319,1118,824,1513,1004,300,200,640,1077,860,781,223,223,761,670,806,500,1220,761,500,0,781,583,824,948,509,670,100,100,4440,4720,5093,4036,3982,5240,4940,4000,4548,4720,4186,4420,3920,3969,4455,5166,4967,4661,4440,4716,4382,4661,4386,4701,3920,3436,1824,1140,360,1655,860,1000,670,1000,538,100,141,860,860,806,316,583,824,509,360,600,781,0,300,728,854,1170,200,860,848,5220,5481,5869,4810,4763,6020,5720,4780,5325,5500,4967,5200,4701,4750,5232,5941,5748,5440,5200,5491,5161,5440,5162,5467,4701,4052,2319,1711,894,2109,640,854,424,700,509,400,223,728,728,894,100,360,806,640,200,300,583,300,0,860,1000,894,360,640,670,4981,5300,5663,4609,4534,5800,5481,4545,5080,5263,4742,4967,4468,4527,5024,5738,5522,5200,5021,5243,4920,5200,4957,5280,4468,3981,2300,1414,806,1811,1500,806,894,1389,1264,707,854,700,700,141,943,1220,412,1204,1029,1063,824,728,860,0,141,1334,538,921,806,5011,5091,5544,4482,4527,5742,5507,4565,5142,5283,4716,4973,4477,4494,4920,5608,5491,5235,4808,5322,4964,5235,4841,5093,4477,3453,1676,1964,608,2469,1640,900,1029,1526,1392,824,984,806,806,200,1081,1360,500,1315,1166,1204,948,854,1000,141,0,1456,670,1044,921,5053,5093,5560,4500,4565,5768,5547,4606,5189,5323,4750,5011,4517,4527,4940,5622,5522,5277,4810,5371,5008,5277,4860,5099,4517,3401,1615,2088,700,2600,984,640,509,412,1272,1264,1118,670,670,1264,943,921,984,1500,1000,640,509,1170,894,1334,1456,0,1118,412,538,4110,4527,4841,3801,3676,4951,4609,3679,4201,4393,3889,4103,3606,3679,4201,4920,4666,4327,4254,4360,4045,4327,4140,4494,3606,3500,2061,632,806,1166,989,848,608,1019,728,223,316,707,707,608,424,707,632,707,500,632,670,200,360,538,670,1118,0,761,721,5103,5326,5728,4666,4640,5889,5603,4661,5215,5382,4841,5080,4580,4622,5093,5798,5622,5325,5044,5385,5047,5325,5020,5315,4580,3860,2121,1700,721,2137,1000,316,223,583,1118,943,848,282,282,854,721,824,583,1280,806,509,100,860,640,921,1044,412,761,0,141,4360,4661,5024,3969,3905,5166,4860,3920,4465,4640,4110,4341,3841,3894,4386,5099,4891,4580,4382,4632,4301,4580,4318,4640,3841,3423,1843,1044,424,1565,1104,200,300,721,1170,921,860,141,141,728,761,905,447,1303,854,600,100,848,670,806,921,538,721,141,0,4382,4640,5020,3962,3920,5173,4882,3940,4494,4661,4123,4360,3860,3905,4384,5093,4904,4604,4360,4664,4326,4604,4313,4622,3860,3337,1726,1170,282,1700,5020,4272,4560,4455,5381,5300,5200,4410,4410,4876,5044,5024,4614,5608,5108,4750,4440,5220,4981,5011,5053,4110,5103,4360,4382,0,1442,1104,984,509,948,500,447,223,282,412,141,538,600,781,1204,632,223,1414,412,100,223,848,1303,538,3201,3981,3828,4441,3911,5507,4482,4882,4924,5768,5544,5500,4622,4622,4949,5382,5437,4742,5940,5464,5131,4720,5481,5300,5091,5093,4527,5326,4661,4640,1442,0,707,806,1334,1140,1500,1456,1640,1414,1170,1303,1431,1216,670,700,1166,1486,282,1769,1526,1486,632,141,1431,2334,3689,4438,4609,4684,5800,4879,5240,5220,6107,5939,5872,5020,5020,5403,5738,5762,5173,6303,5813,5467,5093,5869,5663,5544,5560,4841,5728,5024,5020,1104,707,0,1063,1264,447,943,1334,1236,948,1044,1000,1360,1208,640,100,583,1044,905,1300,1204,1044,707,600,1360,3014,4248,4664,5024,4833,4770,3818,4186,4188,5060,4879,4816,3959,3959,4341,4686,4720,4110,5249,4763,4420,4036,4810,4609,4482,4500,3801,4666,3969,3962,984,806,1063,0,640,1300,1303,781,1208,1118,583,854,721,500,447,1131,1118,1140,608,1392,1029,1140,360,728,721,2236,3231,3667,3962,3889,4609,3801,4110,4036,4949,4841,4750,3940,3940,4390,4601,4596,4134,5166,4669,4313,3982,4763,4534,4527,4565,3676,4640,3905,3920,509,1334,1264,640,0,1280,984,141,700,761,223,447,100,141,700,1360,989,728,1208,900,500,728,707,1216,100,2751,3471,3440,3966,3577,5889,5044,5375,5315,6224,6095,6014,5185,5185,5603,5869,5872,5360,6435,5939,5586,5240,6020,5800,5742,5768,4951,5889,5166,5173,948,1140,447,1300,1280,0,608,1303,1004,707,1063,894,1360,1272,854,500,316,806,1303,1004,1044,806,948,1019,1360,3401,4531,4720,5200,4837,5515,4770,5060,4951,5879,5800,5700,4909,4909,5371,5544,5522,5110,6107,5608,5249,4940,5720,5481,5507,5547,4609,5603,4860,4882,500,1500,943,1303,984,608,0,943,447,223,824,538,1029,1044,948,1029,360,282,1565,400,565,282,1044,1360,1029,3535,4438,4318,4939,4382,4601,3827,4123,4031,4951,4860,4763,3966,3966,4429,4609,4596,4167,5173,4675,4318,4000,4780,4545,4565,4606,3679,4661,3920,3940,447,1456,1334,781,141,1303,943,0,608,721,300,424,100,282,806,1431,1000,670,1341,806,412,670,824,1334,100,2879,3551,3420,3996,3535,5093,4390,4661,4534,5467,5408,5300,4527,4527,5008,5140,5108,4741,5700,5200,4841,4548,5325,5080,5142,5189,4201,5215,4465,4494,223,1640,1236,1208,700,1004,447,608,0,300,632,360,707,806,989,1334,700,200,1627,200,200,200,1063,1500,707,3420,4159,3889,4565,3940,5303,4548,4841,4738,5663,5580,5481,4687,4687,5147,5326,5307,4887,5889,5390,5032,4720,5500,5263,5283,5323,4393,5382,4640,4661,282,1414,948,1118,761,707,223,721,300,0,608,316,806,824,806,1044,400,100,1442,360,360,100,894,1272,806,3354,4220,4110,4716,4188,4827,4000,4318,4252,5162,5044,4957,4140,4140,4579,4810,4810,4326,5375,4879,4525,4186,4967,4742,4716,4750,3889,4841,4110,4123,412,1170,1044,583,223,1063,824,300,632,608,0,300,316,223,509,1140,781,600,1081,824,447,600,538,1044,316,2789,3613,3661,4161,3801,5024,4243,4545,4455,5375,5280,5185,4382,4382,4837,5032,5020,4579,5597,5099,4742,4420,5200,4967,4973,5011,4103,5080,4341,4360,141,1303,1000,854,447,894,538,424,360,316,300,0,500,509,640,1100,583,300,1272,538,223,300,707,1166,500,3080,3905,3841,4410,3944,4534,3744,4045,3962,4879,4780,4686,3883,3883,4341,4534,4525,4081,5099,4601,4244,3920,4701,4468,4477,4517,3606,4580,3841,3860,538,1431,1360,721,100,1360,1029,100,707,806,316,500,0,223,800,1456,1063,761,1300,905,509,761,806,1315,0,2785,3452,3360,3911,3488,4622,3780,4103,4045,4951,4827,4742,3920,3920,4356,4596,4601,4104,5162,4666,4313,3969,4750,4527,4494,4527,3679,4622,3894,3905,600,1216,1208,500,141,1272,1044,282,806,824,223,509,223,0,608,1300,1000,806,1077,1004,608,806,600,1104,223,2624,3395,3466,3940,3624,5161,4244,4601,4580,5467,5303,5234,4386,4386,4780,5099,5122,4545,5663,5173,4827,4455,5232,5024,4920,4940,4201,5093,4386,4384,781,670,640,447,700,854,948,806,989,806,509,640,800,608,0,721,700,860,640,1140,860,860,100,538,800,2607,3676,4031,4393,4215,5882,4949,5315,5300,6184,6010,5946,5091,5091,5467,5813,5841,5240,6378,5889,5544,5166,5941,5738,5608,5622,4920,5798,5099,5093,1204,700,100,1131,1360,500,1029,1431,1334,1044,1140,1100,1456,1300,721,0,670,1140,921,1392,1303,1140,781,608,1456,3026,4294,4750,5093,4924,5597,4780,5099,5024,5939,5825,5738,4920,4920,5353,5590,5586,5103,6155,5658,5303,4967,5748,5522,5491,5522,4666,5622,4891,4904,632,1166,583,1118,989,316,360,1000,700,400,781,583,1063,1000,700,670,0,500,1264,728,728,500,800,1029,1063,3306,4332,4420,4940,4527,5232,4494,4780,4669,5597,5521,5420,4632,4632,5100,5263,5240,4837,5825,5326,4967,4661,5440,5200,5235,5277,4327,5325,4580,4604,223,1486,1044,1140,728,806,282,670,200,100,600,300,761,806,860,1140,500,0,1500,282,282,0,943,1345,761,3373,4197,4036,4664,4104,5235,4201,4604,4652,5491,5263,5220,4341,4341,4666,5103,5162,4459,5661,5186,4854,4440,5200,5021,4808,4810,4254,5044,4382,4360,1414,282,905,608,1208,1303,1565,1341,1627,1442,1081,1272,1300,1077,640,921,1264,1500,0,1780,1486,1500,565,316,1300,2109,3413,4178,4327,4438,5240,4565,4825,4686,5622,5575,5464,4701,4701,5189,5300,5263,4919,5860,5360,5000,4716,5491,5243,5322,5371,4360,5385,4632,4664,412,1769,1300,1392,900,1004,400,806,200,360,824,538,905,1004,1140,1392,728,282,1780,0,400,282,1220,1627,905,3613,4356,4031,4741,4060,4949,4219,4500,4386,5315,5243,5140,4356,4356,4830,4981,4957,4565,5544,5044,4686,4382,5161,4920,4964,5008,4045,5047,4301,4326,100,1526,1204,1029,500,1044,565,412,200,360,447,223,509,608,860,1303,728,282,1486,400,0,282,921,1389,509,3228,3962,3753,4390,3827,5232,4494,4780,4669,5597,5521,5420,4632,4632,5100,5263,5240,4837,5825,5326,4967,4661,5440,5200,5235,5277,4327,5325,4580,4604,223,1486,1044,1140,728,806,282,670,200,100,600,300,761,806,860,1140,500,0,1500,282,282,0,943,1345,761,3373,4197,4036,4664,4104,5103,4172,4534,4522,5403,5232,5166,4313,4313,4701,5032,5060,4468,5597,5108,4763,4386,5162,4957,4841,4860,4140,5020,4318,4313,848,632,707,360,707,948,1044,824,1063,894,538,707,806,600,100,781,800,943,565,1220,921,943,0,509,806,2507,3584,3982,4318,4178,5470,4468,4860,4887,5742,5531,5481,4609,4609,4951,5360,5408,4738,5920,5440,5103,4701,5467,5280,5093,5099,4494,5315,4640,4622,1303,141,600,728,1216,1019,1360,1334,1500,1272,1044,1166,1315,1104,538,608,1029,1345,316,1627,1389,1345,509,0,1315,2418,3721,4386,4601,4617,4534,3744,4045,3962,4879,4780,4686,3883,3883,4341,4534,4525,4081,5099,4601,4244,3920,4701,4468,4477,4517,3606,4580,3841,3860,538,1431,1360,721,100,1360,1029,100,707,806,316,500,0,223,800,1456,1063,761,1300,905,509,761,806,1315,0,2785,3452,3360,3911,3488,4418,3140,3634,3901,4491,4080,4123,3255,3255,3324,4079,4242,3228,4560,4177,3931,3436,4052,3981,3453,3401,3500,3860,3423,3337,3201,2334,3014,2236,2751,3401,3535,2879,3420,3354,2789,3080,2785,2624,2607,3026,3306,3373,2109,3613,3228,3373,2507,2418,2785,0,1788,3748,3178,4220,2828,1529,2022,2404,2801,2334,2408,1612,1612,1552,2400,2607,1503,2828,2500,2319,1824,2319,2300,1676,1615,2061,2121,1843,1726,3981,3689,4248,3231,3471,4531,4438,3551,4159,4220,3613,3905,3452,3395,3676,4294,4332,4197,3413,4356,3962,4197,3584,3721,3452,1788,0,2523,1503,3080,1220,1252,1104,728,1655,1811,1627,1300,1300,1897,1431,1300,1615,1931,1456,1118,1140,1711,1414,1964,2088,632,1700,1044,1170,3828,4438,4664,3667,3440,4720,4318,3420,3889,4110,3661,3841,3360,3466,4031,4750,4420,4036,4178,4031,3753,4036,3982,4386,3360,3748,2523,0,1431,565,1334,200,538,1000,1315,943,948,141,141,500,905,1104,200,1392,1004,824,360,894,806,608,700,806,721,424,282,4441,4609,5024,3962,3966,5200,4939,3996,4565,4716,4161,4410,3911,3940,4393,5093,4940,4664,4327,4741,4390,4664,4318,4601,3911,3178,1503,1431,0,1972,1431,1802,1581,1118,1923,2209,2002,1835,1835,2416,1802,1603,2147,2220,1800,1513,1655,2109,1811,2469,2600,1166,2137,1565,1700,3911,4684,4833,3889,3577,4837,4382,3535,3940,4188,3801,3944,3488,3624,4215,4924,4527,4104,4438,4060,3827,4104,4178,4617,3488,4220,3080,565,1972,0]);
